1

15 550
100 220 90 400 300 400 205 120 160 580 400 140 100 1300 650
8 24 13 80 70 80 45 15 28 90 130 32 20 120 40

6 80
100 600 1200 2400 500 2000
8 12 13 64 22 41

50 800
560 1125 300 620 2100 431 68 328 47 122 322 196 41 25 425 4260 416 115 82 22 631 132 420 86 42 103 215 81 91 26 49 420 316 72 71 49 108 116 90 738 1811 430 3060 215 58 296 620 418 47 81
40 91 10 30 160 20 3 12 3 18 9 25 1 1 10 280 10 8 1 1 49 8 21 6 1 5 10 8 2 1 0 10 42 6 4 8 0 10 1 40 86 11 120 8 3 32 28 13 2 4

20 550
100 220 90 400 300 400 205 120 160 580 400 140 100 1300 650 320 480 80 60 2550
8 24 13 80 70 80 45 15 28 90 130 32 20 120 40 30 20 6 3 180

60 6000
2 77 6 67 930 3 6 270 33 13 110 21 56 974 47 734 238 75 200 51 47 63 7 6 468 72 95 82 91 83 27 13 6 76 55 72 300 6 65 39 63 61 52 85 29 640 558 53 47 25 3 6 568 6 2 780 69 31 774 22
47 774 76 56 59 22 42 1 21 760 818 62 42 36 785 29 662 49 608 116 834 57 42 39 994 690 27 524 23 96 667 490 805 46 19 26 97 71 699 465 53 26 123 20 25 450 22 979 75 96 27 41 21 81 15 76 97 646 898 37

28 600
1898 440 22507 270 14148 3100 4650 30800 615 4975 1160 4225 510 11880 479 440 490 330 110 560 24355 2885 11748 4550 750 3720 1950 10500
45 0 85 150 65 95 30 0 170 0 40 25 20 0 0 25 0 0 25 0 165 0 85 0 0 0 0 100

10 450
600.1 310.5 1800 3850 18.6 198.7 882 4200 402.5 327
20 5 100 200 2 4 60 150 80 40

28 930
100 220 90 400 300 400 205 120 160 580 400 140 100 1300 650 320 480 80 60 2550 3100 1100 950 450 300 220 200 520
8 24 13 80 70 80 45 15 28 90 130 32 20 120 40 30 20 6 3 180 220 50 30 50 12 5 8 18

39 600
560 1125 300 620 2100 431 68 328 47 122 322 196 41 25 425 4260 416 115 82 22 631 132 420 86 42 103 215 81 91 26 49 420 316 72 71 49 108 116 90
40 91 10 30 160 20 3 12 3 18 9 25 1 1 10 280 10 8 1 1 49 8 21 6 1 5 10 8 2 1 0 10 42 6 4 8 0 10 1